00 00 00 00 00 00 00 00
00 00 00 00 00 00 00 00
00 00 00 00 00 00 00 00
00 00 00 00 00 00 00 00
00 00 00 00 00 00 00 00
00 00 00 00 00 00 00 00
00 00 00 00 00 00 00 00
00 00 00 00 00 00 00 00
00 00 00 00 00 00 00 00
00 00 00 00 00 00 00 00
00 00 00 00 00 00 00 00
00 00 00 00 00 00 00 00
00 00 00 00 00 00 00 00
00 00 00 00 00 00 00 00
00 00 00 00 00 00 00 00
00 00 00 00 00 00 00 00
00 00 00 00 00 00 00 00
f0 19 40 00 00 00 00 00
41 ff 93 70 00 00 00 00
f7 19 40 00 00 00 00 00
04 1a 40 00 00 00 00 00
c4 19 40 00 00 00 00 00
f0 19 40 00 00 00 00 00
d9 ff 93 70 00 00 00 00
f7 19 40 00 00 00 00 00
04 1a 40 00 00 00 00 00
f0 19 40 00 00 00 00 00
a9 fe 93 70 00 00 00 00
f7 19 40 00 00 00 00 00
9f 16 40 00 00 00 00 00

